run1 774 0 22 33
run2 797 0 22 33
run3 820 0 22 33
run4 843 0 22 33
run5 866 0 22 33
run6 889 0 22 33
run7 912 0 22 33
run8 935 0 22 33
run9 958 0 22 33
run10 981 0 22 33
run11 1004 0 22 33
run12 1027 0 22 33
run13 1050 0 22 33
attack1 0 0 43 37
attack2 43 0 43 37
attack3 86 0 43 37
attack4 129 0 43 37
attack5 172 0 43 37
attack6 215 0 43 37
attack7 258 0 43 37
attack8 301 0 43 37
attack9 344 0 43 37
attack10 387 0 43 37
attack11 430 0 43 37
attack12 473 0 43 37
attack13 516 0 43 37
attack14 559 0 43 37
attack15 602 0 43 37
attack16 645 0 43 37
attack17 688 0 43 37
attack18 731 0 43 37
